$ANSIBLE_VAULT;1.1;AES256
63646231646630343331373266636438663437343237336436613233363832616535366664303666
6138363336363165333736323862643836636433336131370a323734636131323264333336373336
37373236363563303663633866656432336236613066613536313830346431663866643737333861
3266303930663237300a353932303531666439353231303138386335643539373738373365343034
32666263626634663666653963386634383164366563343933363630613665383433383139633866
33373238656366636430653437343234396239343333643262336163326231386630386537336137
61383637646563613033396330313364336230363364653861623231313734616564393534646463
30626538326232386432326533383666656335303739653563393662333535343738656362656465
62316339343464333362333864393263313862326531633934613864323066623464643763626639
61633337363532393666303366333132363132393131636630313135656236376164393336323262
32366565666365393766393036633133383432343763383238353336343762333963616430373736
36386364303066663535333064393530333032373734323530653634383830316531333433656332
63323832303934663234323534643137373864316461376632353965643838383339366561633737
65333336353134643163613663366162313964633634353965623563346363366661626363623461
30633735623430356366343534306161383637386431383663366363313765306165663334323165
32643639356562383961306662376130326561346365326330396132333933356166656232363738
30383263313431353636333966353031653535396530336133356334393935373438346664363031
61333562316666343463346338333432613831353261323861383637633331353063353135313462
64303463346137666338316236373832363339323035326133356666333733653333386634643030
64336430626630656562343263626532633730383538336234613435646134626434303937663633
61353534383432656335656333386631613565373939383363353735323564323763623035616133
39366263623332643433643163616334376165633436623637643639636538383861636163653762
65306262363839623166343339623339393438636336353031663563653635366132353937356638
37393433616132386364363137313333366639393663376230343765386266353339613134623437
61383934396539353835306139333066353565666366343165663663623763616432636230613331
61343761336362636430306536656266663963323364643034633065633536356662326135646334
61386231386231613731643163636430646261356565356266643235356233633339636236666461
39636230633265663832303065643030346164313333666435326631626438373762663761386534
34346334323339376361393833333031646164383665323063396366663261653164623033383633
32656137383565303236353037316337393566666566393933376533643936653436326432323537
33343665313137393464393762633030623333363363313539346538663132383965646637626133
31386363653761623232323137656265383363326663323263393536353162373661366534326234
36363465343735316634343835656236373432633238346465666532373063623566366436333635
33663865633231663332363765336237653464353864303435636637363463356531396330633435
33383662656337343364336338613164393863313730353339323637646335343133343436333635
38323237336439343036323633373133623663646264333538653432363266613234633664336464
65386432643830653033366266303663653335353932346338336164623033613661376333386666
37313937366566323931613466316335316538343962373565623639613565643031346632363164
36386534346563326139613736383262326431623236373338333930626265393130653138313432
64646239636335656164393337383636623530316635313836656137333430376264653434646461
63353563396632343765366136363236336266636334373039363264656634633331343664663231
35336139636336383535356432313131306666353564356437386165663762336130333733656136
32316639323766346136663636646162653361653164653037376461646537333834656465353333
61356263663438386339626239343535643730613036383234373466653439323761633366313630
32386530343338633161633562643333383139303062666533333332616439663361326539323033
39626635653633383330313964306633666464306433383430616163306161316533623631313162
38396661373132353364363339663966316365313636333164653361393664333230366534313464
61316163343461366439323935333237633863363361343464323632306262663534343936373964
35346138376137633363636231653263353737353864623963383430633734663236353333613539
61653434623633343732333566373130303732373562323130303561336237616636616637646564
39666264313563313336353964303232323534663066313363353136626639366531346535333836
38663563326563316238323366356333643930383064363636333665343135393162663039623735
38363738656539353531313231326134646465356332353838636662316561653838333731316662
39303032356364313736333633323361303132353661626661613063646539666165353130393966
38333934656134313961373037343066653134623936303461633137323739383931336232333561
66316531356135643137313736363261363764373262653838346137336638353430666438373734
62393132326339393636653039373565363233313531393736343039353637653664356634376135
37313434313164306130366631633839626535643136323233633762656631663166386332343938
35326637633331323639666461633031646236643033343965316438663666616137356666383537
33333937386136363039383033383036393661343238653833313833346637336665373365346439
38383834303439333130336631386538643830303639363161326439396366333437623565323732
33646130313539393034306662333964336632316137376664326230346263653033363037653639
64366230656266643365313362366639343438343336343064303564636631343833303832343337
38653432633631383566343130306138653033396365366438303462366530633434303734373836
30643832376266326435636365393365326339626339643266613364356133343335353636653264
39323336383363326136366662376638323334646464366232636631393333303538343939383531
36386135333837646436643734653134643333393730373461616333343861316537323638636630
65343938393164663837363263646566326537623531636236656639623962336465653830613164
66666362633666613163393730383932613935643962383838656361373231333839666265666465
64663862343461653066633864346239353461316432353133336430363865376631623762303165
31366230303335303839666463386435313537343033643732346437343933613131383933326266
38663130386161393663663331643531393530613164333464623664613665633636613030643936
32343563623464323035316338396431633562333139313763613131393866613031373036623532
32366331393730393064613862396561646137666535353731346364356463653931393765353365
31306664323362343934333964306638633237326635313239653930643234616331653461656535
65303361306434653734653237363965613138336639666536396432333635376361633534643437
61343532326464303666666565363938653330333463303532333836616336313931613035373936
35633830396435303462356561353232663163343866633931653161343262663361303833326165
33303434613464376536633837353466366563333733353362356239373532656565353561386333
37346432356264623361666339393336396263643062316133323732303634653763346339663937
31396238623536323466343439356634333063363361383861663334343135616664613536346534
37343138326564623138333866373661333530313861383437336261656363363233313163646433
31386365356232313366306538343761346665333966376439353532646462633033363038663065
62336461663664356139653334356665616166326364666233383631613561656439396238616233
31366136366463636461356266626231653631306432376635666662303539373835623238336134
66396166626630333237396461323239383163366662363334376136333933343132653233303532
34323431646133303333386631323062396633643162393236393463343639326665616434313761
35326235376530663533
